1.2206478752428582 -1.3121361464961314 1.0280646861031848
1.4779024586256098 0.7972450790430105 -2.300011722126298
-0.3483635091755563 -0.46795647503772775 2.1663003817503252
-0.47172144280698214 1.6612356616840653 -1.6664831933640571
-3.699804642778588 1.6858394640465861 1.6266956030038198
-1.7372782635627726 0.6463114928185734 -2.350513118290665
-0.07562296742643146 1.2704516157482786 2.233631581259502
-0.07558761787904181 0.16603511894556533 -2.170246960141266
0.18689344313109532 0.7947333014909802 2.6221356185658102
-0.636138680247599 0.5796960259010056 -0.17204289636991676
